semafor <-
c(767L, 2460L)
