semafor <-
c(767L, 2177L)
