semafor <-
c(767L, 1552L)
